# 1BL8:A|PDBID|CHAIN|SEQUENCE
# AA	inside	membr	outside
1 A	0.59542	0.00000	0.40458
2 L	0.58320	0.01222	0.40458
3 H	0.58175	0.01366	0.40458
4 W	0.58175	0.13267	0.28557
5 R	0.48433	0.37199	0.14368
6 A	0.48427	0.45962	0.05611
7 A	0.08769	0.86335	0.04895
8 G	0.08768	0.86349	0.04883
9 A	0.04514	0.90785	0.04701
10 A	0.04508	0.95365	0.00127
11 T	0.04145	0.95804	0.00051
12 V	0.00917	0.99047	0.00036
13 L	0.00022	0.99956	0.00022
14 L	0.00022	0.99956	0.00022
15 V	0.00022	0.99965	0.00013
16 I	0.00021	0.99965	0.00013
17 V	0.00021	0.99965	0.00013
18 L	0.00021	0.99965	0.00013
19 L	0.00021	0.99965	0.00014
20 A	0.00022	0.99952	0.00026
21 G	0.00025	0.99931	0.00044
22 S	0.00092	0.99799	0.00109
23 Y	0.00166	0.99692	0.00142
24 L	0.00446	0.99332	0.00223
25 A	0.00847	0.96784	0.0237
26 V	0.01340	0.95064	0.03596
27 L	0.12860	0.75945	0.11195
28 A	0.29990	0.42729	0.27282
29 E	0.38637	0.21710	0.39652
30 R	0.39216	0.04838	0.55946
31 G	0.39258	0.04518	0.56224
32 A	0.39346	0.03494	0.5716
33 P	0.40343	0.01799	0.57858
34 G	0.40089	0.01783	0.58128
35 A	0.40036	0.00646	0.59318
36 Q	0.40029	0.00525	0.59447
37 L	0.39950	0.00694	0.59356
38 I	0.39081	0.01878	0.59042
39 T	0.38751	0.02258	0.58991
40 Y	0.37898	0.03155	0.58948
41 P	0.37738	0.03414	0.58849
42 R	0.37629	0.07549	0.54823
43 A	0.34688	0.16544	0.48768
44 L	0.32375	0.24840	0.42784
45 W	0.32001	0.25452	0.42547
46 W	0.31880	0.25749	0.42371
47 S	0.31809	0.25929	0.42262
48 V	0.31768	0.26020	0.42212
49 E	0.31780	0.26020	0.422
50 T	0.31783	0.26026	0.42191
51 A	0.31784	0.26026	0.4219
52 T	0.31784	0.26023	0.42193
53 T	0.31784	0.26017	0.42199
54 V	0.31784	0.26009	0.42207
55 G	0.31785	0.25979	0.42237
56 Y	0.31792	0.25840	0.42368
57 G	0.31873	0.25191	0.42937
58 D	0.32096	0.24278	0.43627
59 L	0.32098	0.24309	0.43594
60 Y	0.32246	0.24100	0.43654
61 P	0.32659	0.23017	0.44324
62 V	0.32681	0.23766	0.43553
63 T	0.33627	0.25567	0.40805
64 L	0.33505	0.26424	0.4007
65 W	0.38261	0.21961	0.39778
66 G	0.42511	0.15753	0.41736
67 R	0.47217	0.09401	0.43382
68 C	0.43670	0.14083	0.42247
69 V	0.31120	0.34035	0.34844
70 A	0.23983	0.54081	0.21936
71 V	0.07919	0.82441	0.0964
72 V	0.01131	0.97444	0.01425
73 V	0.00244	0.99245	0.00511
74 M	0.00164	0.99527	0.00309
75 V	0.00064	0.99867	0.00069
76 A	0.00040	0.99933	0.00027
77 G	0.00021	0.99967	0.00012
78 I	0.00018	0.99973	9e-05
79 T	0.00019	0.99970	0.00011
80 S	0.00021	0.99967	0.00012
81 F	0.00023	0.99964	0.00013
82 G	0.00040	0.99937	0.00024
83 L	0.00072	0.99892	0.00036
84 V	0.00179	0.99747	0.00074
85 T	0.00933	0.98887	0.00179
86 A	0.02546	0.97055	0.00398
87 A	0.02931	0.96301	0.00767
88 L	0.03266	0.95632	0.01102
89 A	0.03943	0.94252	0.01805
90 T	0.04540	0.92706	0.02753
91 W	0.05401	0.88806	0.05792
92 F	0.10876	0.72529	0.16595
93 V	0.23611	0.52332	0.24056
94 G	0.38275	0.20479	0.41246
95 R	0.49879	0.01583	0.48539
96 E	0.50848	0.00027	0.49125
97 Q	0.50869	0.00000	0.49131
