# 1BL8:A|PDBID|CHAIN|SEQUENCE
#pos	aa	i	o	M	S
1	A	0.17511	0.17966	0.00000	0.64523
2	L	0.17511	0.17966	0.00000	0.64522
3	H	0.17511	0.17966	0.00000	0.64523
4	W	0.17511	0.17966	0.00000	0.64523
5	R	0.17001	0.17922	0.00554	0.64523
6	A	0.17001	0.00659	0.17817	0.64523
7	A	0.02483	0.00294	0.32701	0.64523
8	G	0.02326	0.00294	0.32858	0.64523
9	A	0.01212	0.00294	0.33972	0.64522
10	A	0.01095	0.00294	0.34089	0.64523
11	T	0.01095	0.00294	0.34089	0.64523
12	V	0.00019	0.00035	0.35424	0.64522
13	L	0.00007	0.00023	0.35448	0.64523
14	L	0.00005	0.0002	0.35452	0.64523
15	V	0.00004	0.0002	0.35453	0.64522
16	I	0.00004	0.0002	0.35453	0.64522
17	V	0.00004	0.0002	0.35453	0.64523
18	L	0.00004	0.0002	0.35453	0.64523
19	L	0.00004	0.0002	0.35453	0.64522
20	A	0.00004	0.0002	0.35453	0.64522
21	G	0.00004	0.00049	0.35453	0.64493
22	S	0.00009	0.0048	0.35446	0.64064
23	Y	0.00026	0.00671	0.35424	0.63879
24	L	0.00134	0.01196	0.35182	0.63489
25	A	0.00595	0.01981	0.33934	0.63489
26	V	0.01938	0.14502	0.30675	0.52886
27	L	0.06019	0.18864	0.22231	0.52886
28	A	0.10821	0.22532	0.13822	0.52824
29	E	0.16924	0.44068	0.02390	0.3662
30	R	0.17399	0.6386	0.01498	0.17243
31	G	0.17481	0.64053	0.01241	0.17224
32	A	0.17645	0.68419	0.00865	0.1307
33	P	0.17845	0.71877	0.00278	0.09999
34	G	0.17793	0.71897	0.00311	0.09999
35	A	0.17683	0.71985	0.00414	0.09917
36	Q	0.17660	0.75465	0.00417	0.06458
37	L	0.16810	0.75303	0.01527	0.0636
38	I	0.16045	0.75072	0.02605	0.06278
39	T	0.14684	0.81274	0.04004	0.00038
40	Y	0.13145	0.80947	0.05876	0.00031
41	P	0.13099	0.80971	0.05927	2e-05
42	R	0.13024	0.80933	0.06040	2e-05
43	A	0.12336	0.77051	0.10611	2e-05
44	L	0.11971	0.75318	0.12709	2e-05
45	W	0.11901	0.75274	0.12824	0
46	W	0.11807	0.7524	0.12954	0
47	S	0.11782	0.75236	0.12981	0
48	V	0.11760	0.75233	0.13007	0
49	E	0.11761	0.75277	0.12961	0
50	T	0.11761	0.75287	0.12952	0
51	A	0.11761	0.75289	0.12950	0
52	T	0.11761	0.75294	0.12944	0
53	T	0.11766	0.75333	0.12901	0
54	V	0.11767	0.75337	0.12895	0
55	G	0.11770	0.75368	0.12861	0
56	Y	0.11782	0.75407	0.12811	0
57	G	0.12061	0.76002	0.11937	0
58	D	0.12459	0.78774	0.08767	0
59	L	0.12499	0.79273	0.08228	0
60	Y	0.13177	0.79477	0.07346	0
61	P	0.13964	0.7921	0.06826	0
62	V	0.15178	0.76653	0.08169	0
63	T	0.17108	0.74426	0.08466	0
64	L	0.16448	0.4257	0.40981	0
65	W	0.16406	0.41587	0.42007	0
66	G	0.16360	0.41346	0.42294	0
67	R	0.15840	0.40765	0.43396	0
68	C	0.10531	0.37393	0.52076	0
69	V	0.04475	0.14653	0.80873	0
70	A	0.02755	0.07404	0.89842	0
71	V	0.01072	0.02753	0.96175	0
72	V	0.00372	0.01198	0.98430	0
73	V	0.00136	0.00501	0.99363	0
74	M	0.00060	0.00167	0.99773	0
75	V	0.00022	0.00063	0.99915	0
76	A	0.00016	0.00041	0.99943	0
77	G	0.00015	0.00032	0.99953	0
78	I	0.00014	0.00029	0.99956	0
79	T	0.00016	0.00029	0.99955	0
80	S	0.00017	0.00029	0.99953	0
81	F	0.00018	0.00029	0.99952	0
82	G	0.00025	0.00031	0.99944	0
83	L	0.00033	0.00034	0.99933	0
84	V	0.00065	0.00043	0.99892	0
85	T	0.00153	0.00061	0.99785	0
86	A	0.00288	0.00074	0.99637	0
87	A	0.00483	0.00101	0.99416	0
88	L	0.00875	0.00178	0.98948	0
89	A	0.02391	0.00439	0.97170	0
90	T	0.05137	0.00978	0.93885	0
91	W	0.06664	0.01302	0.92035	0
92	F	0.12200	0.02722	0.85078	0
93	V	0.24986	0.06551	0.68463	0
94	G	0.56690	0.12952	0.30358	0
95	R	0.80396	0.18376	0.01227	0
96	E	0.81337	0.18583	0.00080	0
97	Q	0.81408	0.18592	0.00000	0
